0.993665 9.9982E-05 9.9982E-05 0.00613494
0.987224 0.00598155 0.00669491 9.9991E-05
0.9997 9.998E-05 9.998E-05 9.998E-05
0.99732 9.9982E-05 9.9982E-05 0.00247972
0.997252 9.9982E-05 0.00254766 9.9982E-05
0.998266 0.00109455 9.9991E-05 0.000539561
0.998303 9.9982E-05 9.9982E-05 0.00149679
0.9997 9.998E-05 9.998E-05 9.998E-05
0.992987 9.9982E-05 0.00681284 9.9982E-05
0.9997 9.998E-05 9.998E-05 9.998E-05
0.992164 0.00763647 9.998E-05 9.998E-05
0.993475 9.9982E-05 0.00632507 9.9982E-05
0.9997 9.998E-05 9.998E-05 9.998E-05
0.991706 0.00246738 9.9991E-05 0.00572703
0.9997 9.998E-05 9.998E-05 9.998E-05
0.994502 9.9982E-05 0.00529769 9.9982E-05
0.991684 0.00811568 9.9982E-05 9.9982E-05
0.997881 9.9991E-05 0.00106818 0.000951079
0.997052 9.9982E-05 0.00274801 9.9982E-05
0.996272 9.9991E-05 0.00225291 0.00137491
0.997361 9.9982E-05 0.00243895 9.9982E-05
0.99923 0.000570408 9.9982E-05 9.9982E-05
0.9997 9.998E-05 9.998E-05 9.998E-05
0.987164 0.012636 9.9982E-05 9.9982E-05
0.998008 9.9982E-05 9.9982E-05 0.00179246
0.991572 9.9982E-05 0.00822825 9.9982E-05
0.997508 9.9982E-05 9.9982E-05 0.00229245
0.995682 9.9982E-05 0.00411756 9.9982E-05
0.995641 9.9982E-05 9.9982E-05 0.0041588
0.995634 0.000495621 9.9991E-05 0.00377028
0.9997 9.998E-05 9.998E-05 9.998E-05
0.99065 9.9991E-05 0.000327349 0.00892272
0.991088 0.000744322 0.00806761 9.9991E-05
0.999492 9.9982E-05 9.9982E-05 0.000308213
0.993608 9.9982E-05 9.9982E-05 0.00619164
0.995966 9.9982E-05 9.9982E-05 0.0038341
0.993303 9.9982E-05 9.9982E-05 0.00649745
0.989946 9.9982E-05 9.9982E-05 0.00985397
0.990739 9.9982E-05 0.00906099 9.9982E-05
0.989086 0.0105649 0.000248939 9.9991E-05
0.994674 9.9991E-05 0.000778082 0.00444814
0.999294 0.000506504 9.9982E-05 9.9982E-05
0.998994 9.9982E-05 9.9982E-05 0.000805539
0.995052 9.9982E-05 0.00474817 9.9982E-05
0.99829 9.9982E-05 9.9982E-05 0.00150976
0.9997 9.998E-05 9.998E-05 9.998E-05
0.9997 9.998E-05 9.998E-05 9.998E-05
0.983891 0.0071421 9.99979E-05 0.00886718
0.9997 9.998E-05 9.998E-05 9.998E-05
0.993744 0.00605648 9.9982E-05 9.9982E-05
0.0180196 0.842688 0.0662215 0.0730708
0.276109 0.447276 9.9991E-05 0.276515
0.0767404 0.667136 0.256024 9.9991E-05
0.0231216 9.9991E-05 0.090345 0.886433
0.291837 9.9991E-05 0.176887 0.531176
0.1712 0.229365 0.255185 0.34425
0.061515 0.452316 0.333096 0.153074
0.185851 0.190058 0.0957228 0.528368
0.00650278 0.993297 9.9982E-05 9.9982E-05
0.180591 0.686356 9.9991E-05 0.132953
0.134515 9.9991E-05 0.0460958 0.819289
0.0716536 0.27219 9.9991E-05 0.656056
0.243829 0.755971 9.99819E-05 9.99819E-05
0.00984753 0.455199 0.224429 0.310524
0.0831055 0.0917612 9.9991E-05 0.825033
0.0104728 9.99819E-05 9.99819E-05 0.989327
9.9991E-05 0.370908 0.208037 0.420954
0.136422 0.773732 0.0897468 9.9991E-05
9.998E-05 9.998E-05 9.998E-05 0.9997
9.99909E-05 0.697463 0.0139884 0.288449
0.00278682 0.765875 0.11919 0.112148
0.127839 0.260026 0.305629 0.306506
9.9991E-05 0.600183 0.354027 0.0456896
0.025806 0.727166 0.124775 0.122253
0.400225 0.525042 0.0746331 9.9991E-05
9.9991E-05 0.574407 0.0785404 0.346952
0.172402 9.9991E-05 0.213413 0.614085
0.0400639 0.687047 0.272789 9.9991E-05
9.9991E-05 0.44502 0.117132 0.437748
9.9991E-05 0.430813 0.289113 0.279974
0.00107899 0.643609 0.188354 0.166958
9.9991E-05 0.433733 0.230961 0.335206
0.140512 9.9991E-05 0.30232 0.557067
0.0251299 9.9991E-05 0.405244 0.569526
9.9982E-05 0.794275 9.9982E-05 0.205525
0.20719 0.154459 0.19241 0.445941
9.9991E-05 0.532126 0.0989569 0.368818
0.277526 0.467216 9.9991E-05 0.255158
9.99819E-05 0.0551134 9.99819E-05 0.944687
0.0311476 0.683649 9.9991E-05 0.285103
0.128136 0.705026 0.166738 9.9991E-05
0.0516361 0.662375 0.285889 9.9991E-05
9.99819E-05 0.75089 0.24891 9.99819E-05
0.0795393 0.0295714 0.146323 0.744566
0.333132 9.9991E-05 0.389715 0.277053
9.99819E-05 0.847889 0.151911 9.99819E-05
9.99819E-05 0.777505 9.99819E-05 0.222295
0.222394 0.407506 0.34843 0.0216702
0.130604 0.682182 0.187115 9.9991E-05
0.0427001 0.738694 0.163393 0.0552127
9.998E-05 9.998E-05 0.9997 9.998E-05
0.00125042 9.9982E-05 0.99855 9.9982E-05
0.013033 9.9982E-05 0.986767 9.9982E-05
9.9982E-05 9.9982E-05 0.992861 0.00693888
0.006705 0.000938898 0.992256 9.9991E-05
0.00243505 0.00032158 0.997143 9.9991E-05
9.9982E-05 9.9982E-05 0.996634 0.00316562
9.9982E-05 9.9982E-05 0.998296 0.00150411
9.9982E-05 9.9982E-05 0.997151 0.00264923
0.000121831 0.00124733 0.998531 9.9991E-05
9.998E-05 9.998E-05 0.9997 9.998E-05
0.000940291 9.9991E-05 0.997755 0.00120496
0.00613699 9.9982E-05 0.993663 9.9982E-05
9.9982E-05 0.00558517 0.994215 9.9982E-05
0.00988301 9.99886E-05 0.989917 9.99886E-05
0.00918174 9.9982E-05 0.990618 9.9982E-05
0.0112013 0.00116562 0.987533 9.9991E-05
9.998E-05 9.998E-05 0.9997 9.998E-05
9.9991E-05 0.00358134 0.994439 0.00187972
9.9982E-05 0.00848746 0.991313 9.9982E-05
9.9982E-05 9.9982E-05 0.998626 0.00117396
0.00832492 9.9982E-05 0.991475 9.9982E-05
9.998E-05 9.998E-05 0.9997 9.998E-05
0.000828476 0.00438245 0.994689 9.9991E-05
0.0108236 9.9982E-05 0.988976 9.9982E-05
9.9982E-05 9.9982E-05 0.995124 0.00467586
0.00446412 9.9982E-05 0.995336 9.9982E-05
9.9982E-05 9.9982E-05 0.994706 0.00509409
9.998E-05 9.998E-05 0.9997 9.998E-05
9.998E-05 9.998E-05 0.9997 9.998E-05
9.998E-05 9.998E-05 0.9997 9.998E-05
9.9982E-05 9.9982E-05 0.996217 0.00358261
9.9982E-05 9.9982E-05 0.990102 0.00969756
0.00066978 9.9982E-05 0.99913 9.9982E-05
9.9982E-05 9.9982E-05 0.996263 0.00353712
0.0030686 9.9982E-05 0.996731 9.9982E-05
0.0023049 9.9991E-05 0.994465 0.00313055
9.9982E-05 0.000307575 0.999492 9.9982E-05
9.9982E-05 0.00346786 0.996332 9.9982E-05
9.9982E-05 0.00647864 0.993321 9.9982E-05
9.9982E-05 9.9982E-05 0.999074 0.000726074
0.00566214 9.9982E-05 0.994138 9.9982E-05
9.998E-05 9.998E-05 0.9997 9.998E-05
0.00452276 9.9991E-05 0.990192 0.00518521
9.9991E-05 0.00364793 0.994843 0.00140956
9.9982E-05 0.00511224 0.994688 9.9982E-05
0.000132706 9.9982E-05 0.999667 9.9982E-05
0.00572804 9.9982E-05 0.994072 9.9982E-05
9.998E-05 9.998E-05 0.9997 9.998E-05
9.998E-05 9.998E-05 0.9997 9.998E-05
