0.00824838 9.9973E-05 9.9973E-05 9.9973E-05 0.991452
9.999E-05 0.00240197 0.00689162 0.00518779 0.985419
9.997E-05 9.997E-05 9.997E-05 9.997E-05 0.9996
9.9982E-05 0.00132669 0.0105265 9.9982E-05 0.987947
9.9973E-05 0.00548271 9.9973E-05 9.9973E-05 0.994217
9.9973E-05 9.9973E-05 9.9973E-05 0.00856645 0.991134
0.000292274 0.000221208 9.9991E-05 0.00454909 0.994837
9.997E-05 9.997E-05 9.997E-05 9.997E-05 0.9996
9.9982E-05 0.00879389 9.9982E-05 0.00618167 0.984824
9.997E-05 9.997E-05 9.997E-05 9.997E-05 0.9996
9.9973E-05 9.9973E-05 9.9973E-05 0.00873373 0.990966
9.9982E-05 0.0082765 0.00447313 9.9982E-05 0.98705
9.997E-05 9.997E-05 9.997E-05 9.997E-05 0.9996
0.00281204 9.9982E-05 0.00337745 9.9982E-05 0.993611
9.997E-05 9.997E-05 9.997E-05 9.997E-05 0.9996
9.9973E-05 0.00670805 9.9973E-05 9.9973E-05 0.992992
9.9973E-05 9.9973E-05 0.0141135 9.9973E-05 0.985587
9.9982E-05 0.00411172 0.00188072 9.9982E-05 0.993808
9.9973E-05 0.00800347 9.9973E-05 9.9973E-05 0.991697
9.9973E-05 0.00378249 9.9973E-05 9.9973E-05 0.995918
9.9982E-05 0.00071197 9.9982E-05 0.0114488 0.987639
9.9973E-05 0.00118093 9.9973E-05 9.9973E-05 0.998519
9.9973E-05 9.9973E-05 9.9973E-05 0.00216195 0.997538
9.9973E-05 9.9973E-05 0.0151188 9.9973E-05 0.984581
0.000289079 9.9982E-05 0.00437937 9.9982E-05 0.995132
9.9991E-05 0.00604526 0.0021268 0.000248138 0.99148
9.9973E-05 9.9973E-05 9.9973E-05 0.00418058 0.995519
9.9973E-05 0.0089856 9.9973E-05 9.9973E-05 0.990714
9.9973E-05 9.9973E-05 9.9973E-05 0.00627992 0.99342
9.9973E-05 9.9973E-05 9.9973E-05 0.0102344 0.989466
0.0029757 0.000495824 9.9982E-05 9.9982E-05 0.996329
0.00630207 0.00399238 9.9982E-05 9.9982E-05 0.989506
9.9991E-05 0.00169738 0.00171533 0.00646594 0.990021
0.000735491 9.9973E-05 9.9973E-05 9.9973E-05 0.998965
0.00157281 9.9982E-05 0.0061802 9.9982E-05 0.992047
0.00221806 9.9973E-05 9.9973E-05 9.9973E-05 0.997482
0.00855958 9.9982E-05 0.00158099 9.9982E-05 0.989659
0.00509233 9.9982E-05 0.0111994 9.9982E-05 0.983508
9.9982E-05 0.00815362 9.9982E-05 0.00250084 0.989146
9.9973E-05 9.9973E-05 0.0134687 9.9973E-05 0.986231
0.000504923 9.9982E-05 9.9982E-05 0.00692937 0.992366
9.9973E-05 9.9973E-05 9.9973E-05 0.00765933 0.992041
9.997E-05 9.997E-05 9.997E-05 9.997E-05 0.9996
9.9982E-05 0.00275441 0.00769897 9.9982E-05 0.989347
0.00292914 9.9973E-05 9.9973E-05 9.9973E-05 0.996771
9.9973E-05 9.9973E-05 9.9973E-05 0.00219499 0.997505
9.997E-05 9.997E-05 9.997E-05 9.997E-05 0.9996
0.00695073 9.9982E-05 0.0152414 9.9982E-05 0.977608
9.9973E-05 0.000129115 9.9973E-05 9.9973E-05 0.999571
9.9973E-05 9.9973E-05 9.9973E-05 0.0157577 0.983942
9.9973E-05 9.9973E-05 0.170212 0.829488 9.9973E-05
0.325541 9.9982E-05 0.409144 9.9982E-05 0.265115
9.9991E-05 0.197379 0.266305 0.481313 0.0549036
0.828772 0.0495192 9.9982E-05 0.121509 9.9982E-05
0.560103 0.162942 9.99819E-05 9.99819E-05 0.276755
0.398001 0.238583 0.201933 9.9991E-05 0.161383
0.0256588 0.238719 9.9991E-05 0.727774 0.00774835
0.531467 0.0901374 0.193168 9.9991E-05 0.185128
9.99729E-05 9.99729E-05 0.986158 9.99729E-05 0.0135424
0.10611 9.99819E-05 0.736458 9.99819E-05 0.157232
0.787224 0.03376 9.9991E-05 0.0558922 0.123024
0.663182 9.9991E-05 0.0940921 0.181142 0.0614843
9.99819E-05 9.99819E-05 0.372272 0.394266 0.233262
0.340582 0.184783 0.225153 0.249382 9.9991E-05
0.811645 9.99819E-05 0.110937 9.99819E-05 0.0772183
0.996875 9.99729E-05 9.99729E-05 9.99729E-05 0.00282487
0.395891 0.171989 0.17579 0.25623 9.9991E-05
9.9982E-05 9.9982E-05 0.293354 0.613749 0.0926972
0.876756 9.99729E-05 9.99729E-05 0.122944 9.99729E-05
0.252235 9.99819E-05 0.331362 0.416203 9.99819E-05
0.153777 0.0671608 0.423565 0.355397 9.9991E-05
0.230703 0.2422 9.9991E-05 0.440354 0.0866428
0.104072 0.323885 0.571842 9.9982E-05 9.9982E-05
0.176727 0.0703953 0.739272 9.9991E-05 0.0135055
9.9991E-05 0.0360345 0.304775 0.263014 0.396077
0.401286 0.0427962 0.367186 0.188631 9.9991E-05
0.621654 0.207273 9.99819E-05 9.99819E-05 0.170873
9.99728E-05 0.149636 9.99728E-05 0.850064 9.99728E-05
0.440865 0.0756878 0.222059 0.261288 9.9991E-05
0.320786 0.263067 0.415947 9.99819E-05 9.99819E-05
0.0196956 0.0935706 0.104445 0.782189 9.9991E-05
0.281444 0.175328 0.227576 0.315552 9.9991E-05
0.585038 0.290059 9.9982E-05 9.9982E-05 0.124704
0.56186 0.391877 9.9991E-05 0.0315299 0.0146325
0.256066 9.99819E-05 0.627939 0.115795 9.99819E-05
0.438696 0.15664 0.214259 9.9991E-05 0.190305
0.407787 0.0707235 0.52129 9.9982E-05 9.9982E-05
0.0401839 9.99819E-05 9.99819E-05 0.759606 0.20001
0.953921 9.99729E-05 9.99729E-05 0.0457793 9.99729E-05
0.30579 9.9991E-05 0.514906 0.162618 0.016586
9.9991E-05 0.0926646 0.252959 0.561588 0.092688
9.9991E-05 0.208207 0.273967 0.500557 0.0171696
9.99728E-05 0.170657 0.829043 9.99728E-05 9.99728E-05
0.767428 0.130555 9.9991E-05 0.039558 0.0623592
0.237223 0.356493 9.9991E-05 0.0990381 0.307146
9.99819E-05 0.110424 0.678775 0.210601 9.99819E-05
0.173884 9.99819E-05 0.251344 0.574572 9.99819E-05
9.9982E-05 0.272962 9.9982E-05 0.549287 0.17755
9.9991E-05 0.139989 0.707333 0.0173828 0.135195
0.0488226 0.103924 0.343607 0.47987 0.0237766
0.0022296 0.99747 9.9973E-05 9.9973E-05 9.9973E-05
9.9982E-05 0.998561 0.000228906 0.00101053 9.9982E-05
0.00155312 0.98181 9.9991E-05 0.00333531 0.0132018
0.00896813 0.985445 9.9982E-05 0.00538701 9.9982E-05
9.9982E-05 0.987736 9.9982E-05 0.00374818 0.0083154
9.9982E-05 0.990553 0.00874918 9.9982E-05 0.000497768
0.00896212 0.990738 9.9973E-05 9.9973E-05 9.9973E-05
0.00504443 0.994656 9.9973E-05 9.9973E-05 9.9973E-05
9.9973E-05 0.987208 9.9973E-05 0.0124921 9.9973E-05
9.9982E-05 0.992322 9.9982E-05 0.00559112 0.00188731
9.9973E-05 0.998579 9.9973E-05 0.00112136 9.9973E-05
9.9973E-05 0.99559 9.9973E-05 0.00411006 9.9973E-05
9.9973E-05 0.993771 9.9973E-05 9.9973E-05 0.00592893
9.9991E-05 0.985125 0.00339045 0.00991519 0.00146954
0.000505197 0.987054 9.9982E-05 9.9982E-05 0.0122405
9.9973E-05 0.987248 9.9973E-05 9.9973E-05 0.0124519
9.9982E-05 0.981945 0.00754268 9.9982E-05 0.0103129
9.99753E-05 0.994059 9.99753E-05 0.00564115 9.99753E-05
9.9973E-05 0.980283 9.9973E-05 0.0194167 9.9973E-05
9.9973E-05 0.990516 0.00918445 9.9973E-05 9.9973E-05
9.9973E-05 0.990797 9.9973E-05 0.00890316 9.9973E-05
9.9982E-05 0.979172 9.9982E-05 0.00774155 0.0128863
9.9973E-05 0.995621 0.00407883 9.9973E-05 9.9973E-05
9.9991E-05 0.991838 0.00337485 0.00160721 0.0030802
9.9982E-05 0.987347 0.00387871 9.9982E-05 0.00857459
9.9973E-05 0.988734 9.9973E-05 0.0109664 9.9973E-05
9.9982E-05 0.991165 9.9982E-05 0.00152208 0.00711308
9.9973E-05 0.989199 9.9973E-05 0.0105007 9.9973E-05
0.000565414 0.999135 9.9973E-05 9.9973E-05 9.9973E-05
9.9982E-05 0.995443 0.00410217 0.00025441 9.9982E-05
9.9973E-05 0.995057 9.9973E-05 0.00464355 9.9973E-05
0.00691024 0.99279 9.9973E-05 9.9973E-05 9.9973E-05
0.00846634 0.988046 9.9991E-05 0.000124441 0.00326344
9.9982E-05 0.990241 0.0070138 9.9982E-05 0.00254478
0.00291011 0.994057 0.00283298 9.9982E-05 9.9982E-05
9.9982E-05 0.991161 0.00338051 9.9982E-05 0.00525815
0.00570388 0.992132 9.9991E-05 0.000306882 0.00175742
9.9973E-05 0.998982 9.9973E-05 0.000718384 9.9973E-05
9.9973E-05 0.989547 0.0101534 9.9973E-05 9.9973E-05
9.9973E-05 0.98932 0.0103805 9.9973E-05 9.9973E-05
0.00437512 0.995325 9.9973E-05 9.9973E-05 9.9973E-05
9.9973E-05 0.989592 9.9973E-05 9.9973E-05 0.0101086
9.9973E-05 0.993774 9.9973E-05 0.00592647 9.9973E-05
0.00459074 0.987834 9.9991E-05 0.00468252 0.00279254
9.9973E-05 0.986519 9.9973E-05 0.0131813 9.9973E-05
9.9973E-05 0.993162 0.00653775 9.9973E-05 9.9973E-05
9.9973E-05 0.994016 9.9973E-05 9.9973E-05 0.0056844
9.9982E-05 0.99135 0.00236235 9.9982E-05 0.00608798
9.9973E-05 0.99802 9.9973E-05 0.00168021 9.9973E-05
9.997E-05 0.9996 9.997E-05 9.997E-05 9.997E-05
