9.9982E-05 0.986559 0.000910459 0.0123302 9.9982E-05
0.00476851 0.9887 0.00170307 0.00131154 0.00351688
0.00383616 0.995864 9.9973E-05 9.9973E-05 9.9973E-05
9.999E-05 0.989576 0.00500335 0.00310407 0.00221615
9.9973E-05 0.994506 9.9973E-05 9.9973E-05 0.00519387
0.0113992 0.988137 0.000263494 9.9982E-05 9.9982E-05
0.00789958 0.991801 9.9973E-05 9.9973E-05 9.9973E-05
9.9973E-05 0.995407 9.9973E-05 9.9973E-05 0.00429342
0.00326755 0.986725 9.9982E-05 9.9982E-05 0.00980773
9.997E-05 0.9996 9.997E-05 9.997E-05 9.997E-05
0.00715594 0.992544 9.9973E-05 9.9973E-05 9.9973E-05
0.00237525 0.989592 0.00159359 9.9991E-05 0.00633918
9.9982E-05 0.996478 0.00240957 9.9982E-05 0.000912414
9.997E-05 0.9996 9.997E-05 9.997E-05 9.997E-05
9.997E-05 0.9996 9.997E-05 9.997E-05 9.997E-05
9.9973E-05 0.990729 9.9973E-05 9.9973E-05 0.00897064
9.9973E-05 0.988312 0.011388 9.9973E-05 9.9973E-05
9.999E-05 0.987071 0.0039437 0.00414262 0.00474268
9.9973E-05 0.990481 9.9973E-05 9.9973E-05 0.00921905
9.99767E-05 0.991838 9.99767E-05 9.99767E-05 0.0078624
0.00349442 0.988999 9.9982E-05 9.9982E-05 0.00730633
0.00448286 0.995217 9.9973E-05 9.9973E-05 9.9973E-05
0.000235051 0.997349 0.000702645 9.9991E-05 0.00161372
9.9982E-05 0.985534 0.0130789 0.00118752 9.9982E-05
9.997E-05 0.9996 9.997E-05 9.997E-05 9.997E-05
0.00555764 0.987759 0.00198542 9.9991E-05 0.00459829
0.0127119 0.986988 9.9973E-05 9.9973E-05 9.9973E-05
9.9973E-05 0.990492 9.9973E-05 9.9973E-05 0.00920812
0.00655684 0.993143 9.9973E-05 9.9973E-05 9.9973E-05
0.00599541 0.991961 9.9982E-05 0.00184392 9.9982E-05
9.9982E-05 0.993377 9.9982E-05 0.00338297 0.00304016
0.000698712 0.992996 9.9982E-05 0.00610547 9.9982E-05
0.00861019 0.983078 9.9991E-05 0.0019669 0.00624491
9.9982E-05 0.995272 0.00124463 0.0032838 9.9982E-05
9.9982E-05 0.990608 0.00253 0.00666243 9.9982E-05
9.9973E-05 0.991968 9.9973E-05 0.00773196 9.9973E-05
9.9982E-05 0.987862 0.0036686 0.00826958 9.9982E-05
9.9973E-05 0.992322 0.00737764 9.9973E-05 9.9973E-05
0.00193412 0.989482 9.9991E-05 0.00103916 0.00744476
9.9973E-05 0.987882 0.0118177 9.9973E-05 9.9973E-05
0.00566562 0.99256 9.9991E-05 0.000841312 0.000832989
0.0135027 0.986197 9.9973E-05 9.9973E-05 9.9973E-05
9.997E-05 0.9996 9.997E-05 9.997E-05 9.997E-05
9.9982E-05 0.992557 0.00437095 9.9982E-05 0.00287207
9.9973E-05 0.995153 9.9973E-05 0.00454682 9.9973E-05
0.00276 0.99694 9.9973E-05 9.9973E-05 9.9973E-05
9.997E-05 0.9996 9.997E-05 9.997E-05 9.997E-05
9.9991E-05 0.976275 0.0178555 0.00171865 0.004051
9.997E-05 0.9996 9.997E-05 9.997E-05 9.997E-05
0.00850269 0.991197 9.9973E-05 9.9973E-05 9.9973E-05
0.821213 9.9973E-05 0.178487 9.9973E-05 9.9973E-05
9.9982E-05 0.266654 0.411179 0.321967 9.9982E-05
0.497929 0.0562311 0.252317 9.9991E-05 0.193423
0.120807 0.00712723 9.9991E-05 0.821668 0.0502977
9.99819E-05 0.274572 9.99819E-05 0.557547 0.167681
9.9991E-05 0.156166 0.194755 0.405393 0.243585
0.708917 0.0121883 9.9991E-05 0.0425844 0.23621
9.9991E-05 0.182893 0.195242 0.530609 0.0911565
9.99729E-05 0.0140735 0.985627 9.99729E-05 9.99729E-05
9.99819E-05 0.15678 0.742909 0.10011 9.99819E-05
0.0418094 0.119937 9.9991E-05 0.805049 0.0331044
0.176851 0.0600511 0.103269 0.659728 9.9991E-05
0.401675 0.242464 0.355661 9.99819E-05 9.99819E-05
0.232686 9.9991E-05 0.232656 0.351891 0.182667
9.99819E-05 0.0804895 0.105621 0.813689 9.99819E-05
9.997E-05 9.997E-05 9.997E-05 0.9996 9.997E-05
0.265806 9.9991E-05 0.164563 0.401385 0.168147
0.620009 0.0910902 0.2887 9.9982E-05 9.9982E-05
0.106131 9.99729E-05 9.99729E-05 0.893569 9.99729E-05
0.432089 9.99819E-05 0.312105 0.255606 9.99819E-05
0.385637 9.9991E-05 0.394807 0.151937 0.0675186
0.425118 0.0915373 9.9991E-05 0.241694 0.241551
9.9982E-05 9.9982E-05 0.563661 0.104909 0.331231
9.9991E-05 0.0089276 0.742259 0.185854 0.0628592
0.267735 0.396252 0.30118 9.9991E-05 0.0347328
0.200347 9.9991E-05 0.347452 0.407929 0.0441722
9.99819E-05 0.174666 9.99819E-05 0.616893 0.208241
0.858832 9.99728E-05 9.99728E-05 9.99728E-05 0.140868
0.276666 9.9991E-05 0.223478 0.432275 0.067481
9.99819E-05 9.99819E-05 0.407806 0.332442 0.259551
0.770513 9.9991E-05 0.110939 0.031058 0.08739
0.299923 9.9991E-05 0.226509 0.29223 0.181237
9.9982E-05 0.12804 9.9982E-05 0.577119 0.294642
0.0325075 0.0211669 9.9991E-05 0.551724 0.394501
0.116848 9.99819E-05 0.62745 0.255503 9.99819E-05
9.9991E-05 0.186384 0.232982 0.434605 0.145929
9.9982E-05 9.9982E-05 0.516861 0.4099 0.0730396
0.734493 0.210836 9.99819E-05 0.0544711 9.99819E-05
0.0390941 9.99729E-05 9.99729E-05 0.960606 9.99729E-05
0.182485 0.0175084 0.496619 0.303287 9.9991E-05
0.572913 0.0912946 0.241411 9.9991E-05 0.0942821
0.50593 0.0236037 0.257695 9.9991E-05 0.212672
9.99728E-05 9.99728E-05 0.822546 9.99728E-05 0.177154
0.0563553 0.0663055 9.9991E-05 0.750169 0.12707
0.091828 0.308878 9.9991E-05 0.243103 0.356091
0.237662 9.99819E-05 0.652516 9.99819E-05 0.109622
0.573956 9.99819E-05 0.24549 0.180355 9.99819E-05
0.549409 0.175874 9.9982E-05 9.9982E-05 0.274517
0.015604 0.129981 0.708006 9.9991E-05 0.146309
0.484468 0.0235987 0.337437 0.0532587 0.101238
9.9982E-05 0.00319389 9.9982E-05 0.0010401 0.995566
0.00335722 0.00388902 9.9982E-05 9.9982E-05 0.992554
0.0062324 0.0119154 9.9982E-05 9.9982E-05 0.981652
9.9973E-05 9.9973E-05 9.9973E-05 0.0104321 0.989268
0.00726507 0.00857617 9.9982E-05 9.9982E-05 0.983959
0.00833012 9.9973E-05 9.9973E-05 9.9973E-05 0.99137
9.9973E-05 9.9973E-05 9.9973E-05 0.0053808 0.994319
0.00174748 9.9982E-05 9.9982E-05 0.000916912 0.997136
0.00780018 9.9982E-05 9.9982E-05 0.00465961 0.98734
0.00766764 9.9973E-05 9.9973E-05 9.9973E-05 0.992032
0.00177893 9.9982E-05 9.9982E-05 0.00259184 0.995429
0.00405959 0.000603401 9.9991E-05 0.00244566 0.992791
0.00473412 0.011451 9.9982E-05 9.9982E-05 0.983615
0.00621968 0.00223888 0.0048287 9.9991E-05 0.986613
9.9982E-05 0.00651697 9.9982E-05 0.000621287 0.992662
9.9973E-05 0.00650321 9.9973E-05 9.9973E-05 0.993197
9.9982E-05 0.0124981 0.00149282 9.9982E-05 0.985809
9.9973E-05 9.9973E-05 0.00463042 9.9973E-05 0.99507
0.0104981 9.9973E-05 9.9973E-05 9.9973E-05 0.989202
9.9973E-05 9.9973E-05 0.00700277 9.9973E-05 0.992697
0.00814099 9.9982E-05 9.9982E-05 0.000123316 0.991536
0.0107101 0.00612456 9.9982E-05 9.9982E-05 0.982965
9.997E-05 9.997E-05 9.997E-05 9.997E-05 0.9996
9.9982E-05 0.00194277 0.0088423 9.9982E-05 0.989015
9.9982E-05 0.00651204 0.007212 9.9982E-05 0.986076
0.00735995 9.9982E-05 9.9982E-05 0.000338516 0.992102
0.000584476 0.0060619 9.9982E-05 9.9982E-05 0.993154
0.011799 9.9973E-05 9.9973E-05 9.9973E-05 0.987901
9.9973E-05 9.9973E-05 9.9973E-05 0.00253856 0.997162
0.000330685 9.9982E-05 0.00469623 9.9982E-05 0.994773
0.00777152 9.9973E-05 9.9973E-05 9.9973E-05 0.991929
9.9973E-05 9.9973E-05 9.9973E-05 0.0056145 0.994086
0.000570011 9.9982E-05 9.9982E-05 0.00442831 0.994802
9.9973E-05 9.9973E-05 0.00959172 9.9973E-05 0.990108
9.9982E-05 9.9982E-05 0.00245439 0.00185521 0.99549
9.9973E-05 9.9973E-05 0.00976651 9.9973E-05 0.989934
0.00742085 9.9982E-05 9.9982E-05 0.00352751 0.988852
0.00848827 9.99813E-05 9.99813E-05 9.99813E-05 0.991212
9.9973E-05 9.9973E-05 0.0106556 9.9973E-05 0.989045
9.9973E-05 9.9973E-05 0.0143665 9.9973E-05 0.985334
9.9973E-05 9.9973E-05 9.9973E-05 0.00692748 0.992773
9.9973E-05 0.00653354 9.9973E-05 9.9973E-05 0.993167
0.00473344 9.9973E-05 9.9973E-05 9.9973E-05 0.994967
0.00504739 0.00448239 9.9991E-05 0.00632165 0.984049
0.0128098 9.9973E-05 9.9973E-05 9.9973E-05 0.98689
9.9973E-05 9.9973E-05 0.00567364 9.9973E-05 0.994026
9.9973E-05 0.00190197 9.9973E-05 9.9973E-05 0.997798
9.9982E-05 0.00599767 0.0032625 9.9982E-05 0.99054
0.00381492 9.9973E-05 9.9973E-05 9.9973E-05 0.995885
9.9973E-05 0.00347304 9.9973E-05 9.9973E-05 0.996227
