9.9982E-05 0.992918 9.9982E-05 0.00688158
0.0104513 0.98673 0.00271866 9.9991E-05
9.998E-05 0.9997 9.998E-05 9.998E-05
9.999E-05 0.993703 0.00420238 0.00199466
9.9982E-05 0.996571 0.00322878 9.9982E-05
0.003885 0.994732 9.9991E-05 0.00128297
9.998E-05 0.9997 9.998E-05 9.998E-05
9.9982E-05 0.998712 0.00108769 9.9982E-05
9.9982E-05 0.989401 0.0103991 9.9982E-05
9.998E-05 0.9997 9.998E-05 9.998E-05
0.000253442 0.999547 9.9982E-05 9.9982E-05
9.9982E-05 0.993561 0.00623889 9.9982E-05
9.9982E-05 0.999276 9.9982E-05 0.000523577
9.9982E-05 0.994703 9.9982E-05 0.00509752
9.998E-05 0.9997 9.998E-05 9.998E-05
9.9982E-05 0.996371 0.00342894 9.9982E-05
9.998E-05 0.9997 9.998E-05 9.998E-05
9.9991E-05 0.989861 0.0071645 0.00287448
9.9982E-05 0.992993 0.00680703 9.9982E-05
9.9982E-05 0.994321 0.00547922 9.9982E-05
9.9991E-05 0.997911 0.000455855 0.0015332
9.9982E-05 0.996532 0.00326824 9.9982E-05
9.998E-05 0.9997 9.998E-05 9.998E-05
0.00710774 0.988198 9.9991E-05 0.00459442
9.998E-05 0.9997 9.998E-05 9.998E-05
0.00337967 0.991446 0.00507417 9.9991E-05
9.9991E-05 0.990995 0.00183792 0.00706732
9.9982E-05 0.990756 0.00904419 9.9982E-05
9.9982E-05 0.998186 9.9982E-05 0.001614
9.9982E-05 0.996528 9.9982E-05 0.00327167
9.9991E-05 0.994925 0.00439705 0.000578075
9.9982E-05 0.991129 9.9982E-05 0.00867112
0.00512826 0.982941 0.00202 0.00991029
9.998E-05 0.9997 9.998E-05 9.998E-05
9.9982E-05 0.992757 9.9982E-05 0.0070432
9.9982E-05 0.990018 9.9982E-05 0.00978233
9.9982E-05 0.985925 9.9982E-05 0.0138751
0.00600941 0.993791 9.9982E-05 9.9982E-05
9.9982E-05 0.991748 0.00805181 9.9982E-05
0.0118313 0.987969 9.9982E-05 9.9982E-05
9.9991E-05 0.994324 0.00161818 0.00395783
9.998E-05 0.9997 9.998E-05 9.998E-05
9.998E-05 0.9997 9.998E-05 9.998E-05
9.9982E-05 0.997581 0.0022193 9.9982E-05
9.9982E-05 0.996618 9.9982E-05 0.00318247
9.998E-05 0.9997 9.998E-05 9.998E-05
9.998E-05 0.9997 9.998E-05 9.998E-05
0.000812895 0.982022 0.00424408 0.012921
9.998E-05 0.9997 9.998E-05 9.998E-05
0.0010436 0.998756 9.9982E-05 9.9982E-05
0.844508 0.0249257 0.0736298 0.0569365
0.468042 0.27129 9.9991E-05 0.260568
0.662282 0.0784081 0.25921 9.9991E-05
9.9991E-05 0.0290262 0.0897484 0.881125
9.9991E-05 0.286961 0.17927 0.533668
0.213978 0.160083 0.2559 0.370039
0.439663 0.0605631 0.335616 0.164158
0.184058 0.177125 0.102423 0.536394
0.986617 0.0131831 9.9982E-05 9.9982E-05
0.673668 0.189691 9.9991E-05 0.136541
9.9991E-05 0.118092 0.0453253 0.836483
0.295675 0.0673563 9.9991E-05 0.636868
0.748885 0.250915 9.99819E-05 9.99819E-05
0.447344 0.0129693 0.226199 0.313488
0.0890707 0.0876055 9.9991E-05 0.823224
9.99819E-05 0.00278883 9.99819E-05 0.997011
0.365221 9.9991E-05 0.208086 0.426593
0.780134 0.133676 0.0860897 9.9991E-05
9.998E-05 9.998E-05 9.998E-05 0.9997
0.701748 9.99909E-05 0.0135259 0.284626
0.77285 0.00365701 0.122353 0.101139
0.262468 0.117121 0.309359 0.311052
0.616214 9.9991E-05 0.359289 0.0243967
0.734954 0.0294934 0.118387 0.117166
0.517449 0.405545 0.076906 9.9991E-05
0.580956 9.9991E-05 0.0770475 0.341896
9.9991E-05 0.172272 0.211572 0.616055
0.684011 0.0450156 0.270873 9.9991E-05
0.483117 9.9991E-05 0.10973 0.407053
0.441184 9.9991E-05 0.278128 0.280588
0.643211 9.9991E-05 0.187081 0.169608
0.429237 9.9991E-05 0.23508 0.335583
9.9991E-05 0.138522 0.303129 0.558249
9.9991E-05 0.0289305 0.408674 0.562296
0.80306 9.9982E-05 9.9982E-05 0.19674
0.168045 0.206806 0.182601 0.442548
0.527903 9.9991E-05 0.100727 0.37127
0.477793 0.281862 0.00160276 0.238742
0.0580296 9.99819E-05 9.99819E-05 0.94177
0.687842 0.029776 9.9991E-05 0.282282
0.690382 0.132302 0.177216 9.9991E-05
0.655372 0.0551228 0.289405 9.9991E-05
0.745933 9.99819E-05 0.253867 9.99819E-05
0.0397559 0.0737785 0.143945 0.742521
9.9991E-05 0.326354 0.391026 0.28252
0.847757 9.99819E-05 0.152043 9.99819E-05
0.781492 9.99819E-05 9.99819E-05 0.218308
0.410903 0.22353 0.347516 0.0180513
0.676656 0.133999 0.189244 9.9991E-05
0.748215 0.0491592 0.159645 0.0429801
9.9991E-05 0.000848405 0.997275 0.00177629
9.998E-05 9.998E-05 0.9997 9.998E-05
9.9982E-05 0.0103038 0.989496 9.9982E-05
9.9982E-05 9.9982E-05 0.991148 0.00865205
0.00179661 0.00997656 0.988127 9.9991E-05
9.9982E-05 0.0019522 0.997848 9.9982E-05
9.9982E-05 9.9982E-05 0.998104 0.00169585
9.9982E-05 9.9982E-05 0.997022 0.00277802
9.9982E-05 9.9982E-05 0.993742 0.00605775
9.998E-05 9.998E-05 0.9997 9.998E-05
9.998E-05 9.998E-05 0.9997 9.998E-05
9.9982E-05 9.9982E-05 0.99446 0.00533965
9.9982E-05 0.0129922 0.986808 9.9982E-05
0.00583539 0.00541559 0.988649 9.9991E-05
9.9982E-05 0.00491622 0.994884 9.9982E-05
9.9982E-05 0.00619955 0.9936 9.9982E-05
9.9982E-05 0.00541054 0.994389 9.9982E-05
0.000348775 9.9982E-05 0.999451 9.9982E-05
0.00146755 9.9991E-05 0.997422 0.0010107
9.998E-05 9.998E-05 0.9997 9.998E-05
9.9982E-05 9.9982E-05 0.996618 0.00318245
9.9982E-05 0.00949499 0.990305 9.9982E-05
9.998E-05 9.998E-05 0.9997 9.998E-05
0.00508414 0.00317106 0.991645 9.9991E-05
9.9982E-05 0.01306 0.98674 9.9982E-05
9.9982E-05 9.9982E-05 0.996116 0.00368408
9.9982E-05 0.00442165 0.995378 9.9982E-05
9.9982E-05 9.9982E-05 0.995748 0.00405251
9.99809E-05 9.99809E-05 0.9997 9.99809E-05
0.0029216 9.9982E-05 0.996878 9.9982E-05
9.998E-05 9.998E-05 0.9997 9.998E-05
9.9982E-05 9.9982E-05 0.993638 0.00616171
9.9984E-05 9.9984E-05 0.993163 0.00663744
9.998E-05 9.998E-05 0.9997 9.998E-05
9.998E-05 9.998E-05 0.9997 9.998E-05
9.9982E-05 0.00261121 0.997189 9.9982E-05
9.9991E-05 0.00142907 0.991765 0.00670625
0.00260075 9.9982E-05 0.997199 9.9982E-05
0.00212388 9.9982E-05 0.997676 9.9982E-05
0.00520674 9.9982E-05 0.994593 9.9982E-05
9.9982E-05 9.9982E-05 0.998224 0.00157625
9.9982E-05 0.00104729 0.998753 9.9982E-05
9.998E-05 9.998E-05 0.9997 9.998E-05
9.9991E-05 0.00781556 0.990105 0.00197992
9.9982E-05 9.9982E-05 0.997796 0.00200449
0.000340185 9.9982E-05 0.99946 9.9982E-05
9.9982E-05 0.00136802 0.998432 9.9982E-05
9.9982E-05 0.0011211 0.998679 9.9982E-05
9.998E-05 9.998E-05 0.9997 9.998E-05
9.998E-05 9.998E-05 0.9997 9.998E-05
